PDEW2015 11 28 00 52 23.81 25.1883 122.2613 219 0.0 4.42 RYUKYU SUB
event name:     201511280052
time shift:     0.0
half duration:  0.0
latitude:       25.1883
longitude:      122.2613
depth:          219
Mrr:       -1.812209e+22
Mtt:       0.619486e+22
Mpp:       1.192723e+22
Mrt:       -1.016688e+22
Mrp:       4.977200e+22
Mtp:       0.702582e+22
