PDEW2018 10 29  1 27 44.30  31.6100  140.2500  94.0 0.0 5.5 SOUTHEAST OF HONSHU, JAP
event name:     201810290127A
time shift:      2.5500
half duration:   1.3000
latitude:       31.6700
longitude:     140.3700
depth:         104.7800
Mrr:      -8.140000e+23
Mtt:       1.200000e+24
Mpp:      -3.900000e+23
Mrt:      -3.350000e+22
Mrp:      -1.950000e+24
Mtp:      -3.170000e+23
