PDEW2018 08 30 20 14 24.15 24.7218 122.3125 110 0.0 4.02 RYUKYU SUB
event name:     201808302014
time shift:     0.0
half duration:  0.0
latitude:       24.7218
longitude:      122.3125
depth:          110
Mrr:       -0.348437e+22
Mtt:       0.421435e+22
Mpp:       -0.072998e+22
Mrt:       0.402995e+22
Mrp:       -1.197670e+22
Mtp:       -0.216109e+22
