PDEW2018 01 17 05 59 11.04 25.0588 121.7181 129 0.0 4.67 RYUKYU SUB
event name:     201801170559
time shift:     0.0
half duration:  0.0
latitude:       25.0588
longitude:      121.7181
depth:          129
Mrr:       0.668465e+23
Mtt:       -0.179283e+23
Mpp:       -0.489182e+23
Mrt:       0.168669e+23
Mrp:       -1.078310e+23
Mtp:       0.230988e+23
