PDEW2019 10 23 20 15 58.16 25.2427 122.3410 236 0.0 4.03 RYUKYU SUB
event name:     201910232015
time shift:     0.0
half duration:  0.0
latitude:       25.2427
longitude:      122.3410
depth:          236
Mrr:       0.740227e+22
Mtt:       1.015299e+22
Mpp:       -0.903167e+22
Mrt:       -0.646862e+22
Mrp:       -0.034625e+22
Mtp:       -0.507734e+22
