PDEW2019  4  5  9 56 52.70  30.4100  138.6800 383.0 0.0 5.9 SOUTHEAST OF HONSHU, JAP
event name:     201904050956A
time shift:      1.1100
half duration:   2.1000
latitude:       30.4500
longitude:     138.5400
depth:         391.5200
Mrr:      -2.890000e+24
Mtt:       2.250000e+24
Mpp:       6.370000e+23
Mrt:       1.700000e+24
Mrp:      -6.760000e+24
Mtp:      -2.540000e+24
