PDEW2019 03 12 20 19 15.39 25.0176 121.8555 131 0.0 4.57 RYUKYU SUB
event name:     201903122019
time shift:     0.0
half duration:  0.0
latitude:       25.0176
longitude:      121.8555
depth:          131
Mrr:       2.010738e+22
Mtt:       -0.881641e+22
Mpp:       -1.129097e+22
Mrt:       4.601836e+22
Mrp:       -7.563610e+22
Mtp:       0.191364e+22
