PDEW2019  4 27 17 24 45.70  42.4600  142.8200 110.5 0.0 5.4 HOKKAIDO, JAPAN REGION
event name:     201904271724A
time shift:      2.5400
half duration:   1.4000
latitude:       42.5800
longitude:     142.7800
depth:         110.7800
Mrr:       3.560000e+23
Mtt:       1.170000e+24
Mpp:      -1.530000e+24
Mrt:       9.940000e+23
Mrp:       3.650000e+23
Mtp:       1.340000e+24
