PDEW2019 11 11 18 11 33.04 24.8782 121.9223 107 0.0 4.02 RYUKYU SUB
event name:     201911111811
time shift:     0.0
half duration:  0.0
latitude:       24.8782
longitude:      121.9223
depth:          107
Mrr:       0.430203e+22
Mtt:       0.216631e+22
Mpp:       -0.646834e+22
Mrt:       0.519388e+22
Mrp:       -1.092780e+22
Mtp:       0.033922e+22
