PDEW2019 04 01 02 54 35.62 24.9340 122.2406 122 0.0 4.32 RYUKYU SUB
event name:     201904010254
time shift:     0.0
half duration:  0.0
latitude:       24.9340
longitude:      122.2406
depth:          122
Mrr:       0.518768e+22
Mtt:       0.016192e+22
Mpp:       -0.534960e+22
Mrt:       0.004379e+22
Mrp:       -3.606780e+22
Mtp:       -1.108690e+22
