PDEW2019  8 15  5 32 53.10  40.8300  141.2400  86.0 0.0 5.4 NEAR EAST COAST OF HONSH
event name:     201908150532A
time shift:      2.3200
half duration:   1.4000
latitude:       40.8700
longitude:     141.2700
depth:         102.8500
Mrr:       7.890000e+23
Mtt:       1.110000e+23
Mpp:      -9.000000e+23
Mrt:       2.400000e+23
Mrp:      -1.670000e+24
Mtp:      -1.310000e+24
