PDEW2019 11 11 16 54 57.78 21.0527 121.6617 121 0.0 4.53 SOUTHERN TW
event name:     201911111654
time shift:     0.0
half duration:  0.0
latitude:       21.0527
longitude:      121.6617
depth:          121
Mrr:       -1.242201e+22
Mtt:       0.331352e+22
Mpp:       3.998530e+22
Mrt:       2.791519e+22
Mrp:       3.163960e+22
Mtp:       -5.609140e+22
