PDEW2019  7 27 18 31  7.50  33.1500  137.3000 367.0 0.0 6.3 NEAR S. COAST OF HONSHU,
event name:     201907271831A
time shift:      3.6100
half duration:   3.6000
latitude:       33.1600
longitude:     137.1300
depth:         376.6300
Mrr:       1.270000e+25
Mtt:       1.330000e+25
Mpp:      -2.600000e+25
Mrt:       9.150000e+24
Mrp:      -3.150000e+25
Mtp:      -7.190000e+24
