PDEW2019 05 08 15 48 47.35 24.8217 122.4900 128 0.0 4.34 RYUKYU SUB
event name:     201905081548
time shift:     0.0
half duration:  0.0
latitude:       24.8217
longitude:      122.4900
depth:          128
Mrr:       0.298056e+22
Mtt:       0.398144e+22
Mpp:       0.751676e+22
Mrt:       0.167894e+22
Mrp:       -2.317620e+22
Mtp:       -3.232820e+22
