PDEW2019 06 29 16 20 06.1 25.0715 122.1832 154 0.0 4.22 RYUKYU SUB
event name:     201906291620
time shift:     0.0
half duration:  0.0
latitude:       25.0715
longitude:      122.1832
depth:          154
Mrr:       -2.017980e+22
Mtt:       -0.194085e+22
Mpp:       2.212066e+22
Mrt:       -0.926888e+22
Mrp:       -1.155650e+22
Mtp:       0.528541e+22
