PDEW2020 10 19 06 06 26.81 25.4732 122.7905 235 0.0 4.08 RYUKYU SUB
event name:     202010190606
time shift:     0.0
half duration:  0.0
latitude:       25.4732
longitude:      122.7905
depth:          235
Mrr:       0.707530e+22
Mtt:       0.185497e+22
Mpp:       -0.893027e+22
Mrt:       0.884461e+22
Mrp:       0.084648e+22
Mtp:       1.137340e+22
