PDEW2020 07 12 09 29 24.55 21.1052 121.6208 106 0.0 4.31 SOUTHERN TW
event name:     202007120929
time shift:     0.0
half duration:  0.0
latitude:       21.1052
longitude:      121.6208
depth:          106
Mrr:       -0.621893e+22
Mtt:       -1.029626e+22
Mpp:       1.651519e+22
Mrt:       2.343717e+22
Mrp:       -0.478572e+22
Mtp:       -2.226700e+22
