PDEW2020 11 03 17 59 06.02 21.1862 121.8257 115 0.0 4.49 SOUTHERN TW
event name:     202011031759
time shift:     0.0
half duration:  0.0
latitude:       21.1862
longitude:      121.8257
depth:          115
Mrr:       -1.138114e+22
Mtt:       -1.595175e+22
Mpp:       2.733289e+22
Mrt:       2.179771e+22
Mrp:       4.932740e+22
Mtp:       -3.409890e+22
