PDEW2020  9 30  4 37 20.10  24.8800  122.0700 106.0 0.0 5.0 TAIWAN REGION                           
event name:     202009300437A  
time shift:      1.6900
half duration:   0.9000
latitude:       24.7900
longitude:     122.0400
depth:         117.7600
Mrr:       2.830000e+23
Mtt:      -1.290000e+23
Mpp:      -1.540000e+23
Mrt:       2.520000e+23
Mrp:      -4.450000e+23
Mtp:      -4.010000e+22
