PDEW2020 07 12 04 06 08.61 24.8535 122.8762 118 0.0 4.12 RYUKYU SUB
event name:     202007120406
time shift:     0.0
half duration:  0.0
latitude:       24.8535
longitude:      122.8762
depth:          118
Mrr:       0.776207e+22
Mtt:       0.039374e+22
Mpp:       -0.815581e+22
Mrt:       0.882949e+22
Mrp:       -0.648953e+22
Mtp:       -1.264940e+22
