PDEW2020 12 19 13 42 39.07 21.1720 122.0970 184 0.0 4.55 SOUTHERN TW
event name:     202012191342
time shift:     0.0
half duration:  0.0
latitude:       21.1720
longitude:      122.0970
depth:          184
Mrr:       -4.088801e+22
Mtt:       -3.251916e+22
Mpp:       7.340717e+22
Mrt:       -3.640617e+22
Mrp:       3.840850e+22
Mtp:       0.548518e+22
