PDEW2020 04 10 16 44 57.45 20.5410 122.1688 167 0.0 5.87 SOUTHERN TW
event name:     202004101644
time shift:     0.0
half duration:  0.0
latitude:       20.5410
longitude:      122.1688
depth:          167
Mrr:       5.259997e+24
Mtt:       0.102135e+24
Mpp:       -5.362132e+24
Mrt:       3.400657e+24
Mrp:       -4.686520e+24
Mtp:       0.966013e+24
