PDEW2020 08 26 22 15 08.6 24.9733 123.1832 148 0.0 4.72 RYUKYU SUB
event name:     202008262215
time shift:     0.0
half duration:  0.0
latitude:       24.9733
longitude:      123.1832
depth:          148
Mrr:       -0.374614e+23
Mtt:       -0.083576e+23
Mpp:       0.317426e+23
Mrt:       -0.403327e+23
Mrp:       -1.270870e+23
Mtp:       -0.624123e+23
