PDEW2020 09 30 04 37 20.33 24.8355 122.1005 106 0.0 5.11 RYUKYU SUB
event name:     202009300437
time shift:     0.0
half duration:  0.0
latitude:       24.8355
longitude:      122.1005
depth:          106
Mrr:       1.165119e+23
Mtt:       -0.491183e+23
Mpp:       -3.379537e+23
Mrt:       1.700866e+23
Mrp:       -4.908690e+23
Mtp:       -0.282224e+23
