PDEW2021 01 25 11 39 23.76 24.8253 122.1935 90 0.0 4.20 RYUKYU SUB
event name:     202101251139
time shift:     0.0
half duration:  0.0
latitude:       24.8253
longitude:      122.1935
depth:          90
Mrr:       -1.488195e+22
Mtt:       -0.604762e+22
Mpp:       0.617749e+22
Mrt:       0.751788e+22
Mrp:       -2.009010e+22
Mtp:       -0.168440e+22
