PDEW2021 02 22 01 50 49.76 22.6213 121.5595 117 0.0 4.55 SOUTHERN TW
event name:     202102220150
time shift:     0.0
half duration:  0.0
latitude:       22.6213
longitude:      121.5595
depth:          117
Mrr:       -1.464655e+22
Mtt:       2.649327e+22
Mpp:       -0.039968e+22
Mrt:       6.803923e+22
Mrp:       4.032980e+22
Mtp:       -0.873590e+22
