PDEW2021 02 06 17 36 03. 24.6632 122.6068 100 0.0 5.36 RYUKYU SUB
event name:     202102061736
time shift:     0.0
half duration:  0.0
latitude:       24.6632
longitude:      122.6068
depth:          100
Mrr:       -0.070478e+24
Mtt:       -0.485482e+24
Mpp:       0.555960e+24
Mrt:       1.077484e+24
Mrp:       -0.559311e+24
Mtp:       -0.221826e+24
