PDEW2021 02 28 19 56 48.73 21.3280 121.9393 169 0.0 4.14 SOUTHERN TW
event name:     202102281956
time shift:     0.0
half duration:  0.0
latitude:       21.3280
longitude:      121.9393
depth:          169
Mrr:       -1.606801e+22
Mtt:       -0.225874e+22
Mpp:       1.832675e+22
Mrt:       0.620400e+22
Mrp:       0.747860e+22
Mtp:       -0.266270e+22
