PDEW2018 11 20 19  9 48.80  30.4200  130.0700 123.0 0.0 5.5 KYUSHU, JAPAN                           
event name:     201811201909A  
time shift:      2.1400
half duration:   1.4000
latitude:       30.4300
longitude:     130.1100
depth:         129.3300
Mrr:       8.310000e+23
Mtt:      -2.280000e+23
Mpp:      -6.030000e+23
Mrt:       4.010000e+23
Mrp:       2.470000e+24
Mtp:      -3.030000e+23
